wannier orbitals read from: wfs_mTTG_m26n27_UD_hBN_nnsuper3.npz

Coulomb interaction matrix elements <..|Vee|..>
in unit of e^2/(4*pi*epsilon*Lm) ~ 102 meV * theta(deg)/epsilon_r

===== U0(1,1) & J0(1,1) =====

i=0, j=0, R=[0 0 0]

U0(1,1)=2.32979  
J0(1,1)=0.00000  

sublattice & layer component of U: 
 [[0.      0.      0.      0.      0.      0.     ]
 [0.      0.07205 0.      0.      0.31576 0.     ]
 [0.      0.      0.      0.      0.      0.     ]
 [0.      0.      0.      0.      0.      0.     ]
 [0.      0.31576 0.      0.      1.62622 0.     ]
 [0.      0.      0.      0.      0.      0.     ]] 

sublattice & layer component of J: 
 [[0. 0. 0. 0. 0. 0.]
 [0. 0. 0. 0. 0. 0.]
 [0. 0. 0. 0. 0. 0.]
 [0. 0. 0. 0. 0. 0.]
 [0. 0. 0. 0. 0. 0.]
 [0. 0. 0. 0. 0. 0.]] 



===== U0(1,2) & J0(1,2) =====

i=0, j=2, R=[0 0 0]

U0(1,2)=2.14999  
J0(1,2)=0.25343  

sublattice & layer component of U: 
 [[0.      0.      0.      0.      0.      0.     ]
 [0.      0.27858 0.      0.      0.07944 0.     ]
 [0.      0.      0.      0.      0.      0.     ]
 [0.      0.      0.      0.      0.      0.     ]
 [0.      1.42563 0.      0.      0.36634 0.     ]
 [0.      0.      0.      0.      0.      0.     ]] 

sublattice & layer component of J: 
 [[0.      0.      0.      0.      0.      0.     ]
 [0.      0.07802 0.      0.      0.03676 0.     ]
 [0.      0.      0.      0.      0.      0.     ]
 [0.      0.      0.      0.      0.      0.     ]
 [0.      0.03676 0.      0.      0.1019  0.     ]
 [0.      0.      0.      0.      0.      0.     ]] 



===== U1(1,1) & J1(1,1) =====

i=0, j=1, R=[0 0 0]

U1(1,1)=1.68924  
J1(1,1)=0.00000  

sublattice & layer component of U: 
 [[0.      0.      0.      0.      0.      0.     ]
 [0.07645 0.      0.      0.      0.      0.22376]
 [0.      0.      0.      0.      0.      0.     ]
 [0.      0.      0.      0.      0.      0.     ]
 [0.34127 0.      0.      0.      0.      1.04776]
 [0.      0.      0.      0.      0.      0.     ]] 

sublattice & layer component of J: 
 [[0. 0. 0. 0. 0. 0.]
 [0. 0. 0. 0. 0. 0.]
 [0. 0. 0. 0. 0. 0.]
 [0. 0. 0. 0. 0. 0.]
 [0. 0. 0. 0. 0. 0.]
 [0. 0. 0. 0. 0. 0.]] 



===== U1(1,2) & J1(1,2) =====

i=0, j=3, R=[0 0 0]

U1(1,2)=1.70637  
J1(1,2)=0.00000  

sublattice & layer component of U: 
 [[0.      0.      0.      0.      0.      0.     ]
 [0.23386 0.      0.      0.      0.      0.0686 ]
 [0.      0.      0.      0.      0.      0.     ]
 [0.      0.      0.      0.      0.      0.     ]
 [1.08998 0.      0.      0.      0.      0.31392]
 [0.      0.      0.      0.      0.      0.     ]] 

sublattice & layer component of J: 
 [[0. 0. 0. 0. 0. 0.]
 [0. 0. 0. 0. 0. 0.]
 [0. 0. 0. 0. 0. 0.]
 [0. 0. 0. 0. 0. 0.]
 [0. 0. 0. 0. 0. 0.]
 [0. 0. 0. 0. 0. 0.]] 



===== U2(1,1) & J2(1,1) =====

i=0, j=0, R=[1 0 0]

U2(1,1)=1.14925  
J2(1,1)=0.06995  

sublattice & layer component of U: 
 [[0.      0.      0.      0.      0.      0.     ]
 [0.      0.04476 0.      0.      0.18502 0.     ]
 [0.      0.      0.      0.      0.      0.     ]
 [0.      0.      0.      0.      0.      0.     ]
 [0.      0.18598 0.      0.      0.73347 0.     ]
 [0.      0.      0.      0.      0.      0.     ]] 

sublattice & layer component of J: 
 [[ 0.       0.       0.       0.       0.       0.     ]
 [ 0.       0.00485  0.       0.      -0.01162  0.     ]
 [ 0.       0.       0.       0.       0.       0.     ]
 [ 0.       0.       0.       0.       0.       0.     ]
 [ 0.      -0.01162  0.       0.       0.08835  0.     ]
 [ 0.       0.       0.       0.       0.       0.     ]] 



===== U2(1,2) & J2(1,2) =====

i=0, j=2, R=[1 0 0]

U2(1,2)=1.15651  
J2(1,2)=0.04882  

sublattice & layer component of U: 
 [[0.      0.      0.      0.      0.      0.     ]
 [0.      0.1667  0.      0.      0.05953 0.     ]
 [0.      0.      0.      0.      0.      0.     ]
 [0.      0.      0.      0.      0.      0.     ]
 [0.      0.66503 0.      0.      0.26524 0.     ]
 [0.      0.      0.      0.      0.      0.     ]] 

sublattice & layer component of J: 
 [[ 0.       0.       0.       0.       0.       0.     ]
 [ 0.       0.01896  0.       0.      -0.01037  0.     ]
 [ 0.       0.       0.       0.       0.       0.     ]
 [ 0.       0.       0.       0.       0.       0.     ]
 [ 0.      -0.01037  0.       0.       0.0506   0.     ]
 [ 0.       0.       0.       0.       0.       0.     ]] 



===== U3(1,1) & J3(1,1) =====

i=0, j=1, R=[ 1 -1  0]

U3(1,1)=1.02854  
J3(1,1)=0.00000  

sublattice & layer component of U: 
 [[0.      0.      0.      0.      0.      0.     ]
 [0.05483 0.      0.      0.      0.      0.15521]
 [0.      0.      0.      0.      0.      0.     ]
 [0.      0.      0.      0.      0.      0.     ]
 [0.22412 0.      0.      0.      0.      0.59437]
 [0.      0.      0.      0.      0.      0.     ]] 

sublattice & layer component of J: 
 [[0. 0. 0. 0. 0. 0.]
 [0. 0. 0. 0. 0. 0.]
 [0. 0. 0. 0. 0. 0.]
 [0. 0. 0. 0. 0. 0.]
 [0. 0. 0. 0. 0. 0.]
 [0. 0. 0. 0. 0. 0.]] 



===== U3(1,2) & J3(1,2) =====

i=0, j=3, R=[ 1 -1  0]

U3(1,2)=1.01100  
J3(1,2)=0.00000  

sublattice & layer component of U: 
 [[0.      0.      0.      0.      0.      0.     ]
 [0.16024 0.      0.      0.      0.      0.05056]
 [0.      0.      0.      0.      0.      0.     ]
 [0.      0.      0.      0.      0.      0.     ]
 [0.60043 0.      0.      0.      0.      0.19977]
 [0.      0.      0.      0.      0.      0.     ]] 

sublattice & layer component of J: 
 [[0. 0. 0. 0. 0. 0.]
 [0. 0. 0. 0. 0. 0.]
 [0. 0. 0. 0. 0. 0.]
 [0. 0. 0. 0. 0. 0.]
 [0. 0. 0. 0. 0. 0.]
 [0. 0. 0. 0. 0. 0.]] 



===== U4(1,1) & J4(1,1) =====

i=0, j=1, R=[1 0 0]

U4(1,1)=0.71712  
J4(1,1)=0.00000  

sublattice & layer component of U: 
 [[0.      0.      0.      0.      0.      0.     ]
 [0.04166 0.      0.      0.      0.      0.10632]
 [0.      0.      0.      0.      0.      0.     ]
 [0.      0.      0.      0.      0.      0.     ]
 [0.164   0.      0.      0.      0.      0.40514]
 [0.      0.      0.      0.      0.      0.     ]] 

sublattice & layer component of J: 
 [[0. 0. 0. 0. 0. 0.]
 [0. 0. 0. 0. 0. 0.]
 [0. 0. 0. 0. 0. 0.]
 [0. 0. 0. 0. 0. 0.]
 [0. 0. 0. 0. 0. 0.]
 [0. 0. 0. 0. 0. 0.]] 



===== U4(1,2) & J4(1,2) =====

i=0, j=3, R=[1 0 0]

U4(1,2)=0.69503  
J4(1,2)=0.00000  

sublattice & layer component of U: 
 [[0.      0.      0.      0.      0.      0.     ]
 [0.10901 0.      0.      0.      0.      0.03522]
 [0.      0.      0.      0.      0.      0.     ]
 [0.      0.      0.      0.      0.      0.     ]
 [0.41514 0.      0.      0.      0.      0.13566]
 [0.      0.      0.      0.      0.      0.     ]] 

sublattice & layer component of J: 
 [[0. 0. 0. 0. 0. 0.]
 [0. 0. 0. 0. 0. 0.]
 [0. 0. 0. 0. 0. 0.]
 [0. 0. 0. 0. 0. 0.]
 [0. 0. 0. 0. 0. 0.]
 [0. 0. 0. 0. 0. 0.]] 



===== U5(1,1) & J5(1,1) =====

i=0, j=0, R=[1 1 0]

U5(1,1)=0.61448  
J5(1,1)=0.00240  

sublattice & layer component of U: 
 [[0.      0.      0.      0.      0.      0.     ]
 [0.      0.02659 0.      0.      0.10005 0.     ]
 [0.      0.      0.      0.      0.      0.     ]
 [0.      0.      0.      0.      0.      0.     ]
 [0.      0.10266 0.      0.      0.38519 0.     ]
 [0.      0.      0.      0.      0.      0.     ]] 

sublattice & layer component of J: 
 [[0.      0.      0.      0.      0.      0.     ]
 [0.      0.00082 0.      0.      0.00031 0.     ]
 [0.      0.      0.      0.      0.      0.     ]
 [0.      0.      0.      0.      0.      0.     ]
 [0.      0.00031 0.      0.      0.00096 0.     ]
 [0.      0.      0.      0.      0.      0.     ]] 



===== U5(1,2) & J5(1,2) =====

i=0, j=2, R=[1 1 0]

U5(1,2)=0.64141  
J5(1,2)=0.00618  

sublattice & layer component of U: 
 [[0.      0.      0.      0.      0.      0.     ]
 [0.      0.09219 0.      0.      0.03782 0.     ]
 [0.      0.      0.      0.      0.      0.     ]
 [0.      0.      0.      0.      0.      0.     ]
 [0.      0.3602  0.      0.      0.1512  0.     ]
 [0.      0.      0.      0.      0.      0.     ]] 

sublattice & layer component of J: 
 [[ 0.       0.       0.       0.       0.       0.     ]
 [ 0.       0.00069  0.       0.      -0.00038  0.     ]
 [ 0.       0.       0.       0.       0.       0.     ]
 [ 0.       0.       0.       0.       0.       0.     ]
 [ 0.      -0.00038  0.       0.       0.00625  0.     ]
 [ 0.       0.       0.       0.       0.       0.     ]] 



=======================
  Summary
=======================
         U       J     
U0(1,1)  2.3298  0.0000  
U0(1,2)  2.1500  0.2534  
U1(1,1)  1.6892  0.0000  
U1(1,2)  1.7064  0.0000  
U2(1,1)  1.1492  0.0699  
U2(1,2)  1.1565  0.0488  
U3(1,1)  1.0285  0.0000  
U3(1,2)  1.0110  0.0000  
U4(1,1)  0.7171  0.0000  
U4(1,2)  0.6950  0.0000  
U5(1,1)  0.6145  0.0024  
U5(1,2)  0.6414  0.0062  
=======================
