wannier orbitals read from: wfs_mTDBG_m26n27_UD10meV_nnsuper3.npz

Coulomb interaction matrix elements <..|Vee|..>
in unit of e^2/(4*pi*epsilon*Lm) ~ 102 meV * theta(deg)/epsilon_r

===== U0(1,1) & J0(1,1) =====

i=0, j=0, R=[0 0 0]

U0(1,1)=1.99112  
J0(1,1)=0.00000  

sublattice & layer component of U: 
 [[0.      0.      0.      0.      0.      0.      0.      0.     ]
 [0.      0.03085 0.      0.      0.      0.      0.18534 0.     ]
 [0.      0.      0.      0.      0.      0.      0.      0.     ]
 [0.      0.      0.      0.      0.      0.      0.      0.     ]
 [0.      0.      0.      0.      0.      0.      0.      0.     ]
 [0.      0.      0.      0.      0.      0.      0.      0.     ]
 [0.      0.18534 0.      0.      0.      0.      1.58959 0.     ]
 [0.      0.      0.      0.      0.      0.      0.      0.     ]] 

sublattice & layer component of J: 
 [[0. 0. 0. 0. 0. 0. 0. 0.]
 [0. 0. 0. 0. 0. 0. 0. 0.]
 [0. 0. 0. 0. 0. 0. 0. 0.]
 [0. 0. 0. 0. 0. 0. 0. 0.]
 [0. 0. 0. 0. 0. 0. 0. 0.]
 [0. 0. 0. 0. 0. 0. 0. 0.]
 [0. 0. 0. 0. 0. 0. 0. 0.]
 [0. 0. 0. 0. 0. 0. 0. 0.]] 



===== U0(1,2) & J0(1,2) =====

i=0, j=2, R=[0 0 0]

U0(1,2)=2.01048  
J0(1,2)=0.01606  

sublattice & layer component of U: 
 [[0.      0.      0.      0.      0.      0.      0.      0.     ]
 [0.      0.17693 0.      0.      0.      0.      0.04185 0.     ]
 [0.      0.      0.      0.      0.      0.      0.      0.     ]
 [0.      0.      0.      0.      0.      0.      0.      0.     ]
 [0.      0.      0.      0.      0.      0.      0.      0.     ]
 [0.      0.      0.      0.      0.      0.      0.      0.     ]
 [0.      1.50915 0.      0.      0.      0.      0.28255 0.     ]
 [0.      0.      0.      0.      0.      0.      0.      0.     ]] 

sublattice & layer component of J: 
 [[ 0.       0.       0.       0.       0.       0.       0.       0.     ]
 [ 0.       0.01653  0.       0.       0.       0.      -0.02088  0.     ]
 [ 0.       0.       0.       0.       0.       0.       0.       0.     ]
 [ 0.       0.       0.       0.       0.       0.       0.       0.     ]
 [ 0.       0.       0.       0.       0.       0.       0.       0.     ]
 [ 0.       0.       0.       0.       0.       0.       0.       0.     ]
 [ 0.      -0.02088  0.       0.       0.       0.       0.04129  0.     ]
 [ 0.       0.       0.       0.       0.       0.       0.       0.     ]] 



===== U1(1,1) & J1(1,1) =====

i=0, j=1, R=[0 0 0]

U1(1,1)=1.63614  
J1(1,1)=0.00000  

sublattice & layer component of U: 
 [[0.      0.      0.      0.      0.      0.      0.      0.     ]
 [0.0334  0.      0.      0.      0.      0.      0.      0.17556]
 [0.      0.      0.      0.      0.      0.      0.      0.     ]
 [0.      0.      0.      0.      0.      0.      0.      0.     ]
 [0.      0.      0.      0.      0.      0.      0.      0.     ]
 [0.      0.      0.      0.      0.      0.      0.      0.     ]
 [0.20876 0.      0.      0.      0.      0.      0.      1.21842]
 [0.      0.      0.      0.      0.      0.      0.      0.     ]] 

sublattice & layer component of J: 
 [[0. 0. 0. 0. 0. 0. 0. 0.]
 [0. 0. 0. 0. 0. 0. 0. 0.]
 [0. 0. 0. 0. 0. 0. 0. 0.]
 [0. 0. 0. 0. 0. 0. 0. 0.]
 [0. 0. 0. 0. 0. 0. 0. 0.]
 [0. 0. 0. 0. 0. 0. 0. 0.]
 [0. 0. 0. 0. 0. 0. 0. 0.]
 [0. 0. 0. 0. 0. 0. 0. 0.]] 



===== U1(1,2) & J1(1,2) =====

i=0, j=3, R=[0 0 0]

U1(1,2)=1.59939  
J1(1,2)=0.00000  

sublattice & layer component of U: 
 [[0.      0.      0.      0.      0.      0.      0.      0.     ]
 [0.15906 0.      0.      0.      0.      0.      0.      0.04623]
 [0.      0.      0.      0.      0.      0.      0.      0.     ]
 [0.      0.      0.      0.      0.      0.      0.      0.     ]
 [0.      0.      0.      0.      0.      0.      0.      0.     ]
 [0.      0.      0.      0.      0.      0.      0.      0.     ]
 [1.10947 0.      0.      0.      0.      0.      0.      0.28464]
 [0.      0.      0.      0.      0.      0.      0.      0.     ]] 

sublattice & layer component of J: 
 [[0. 0. 0. 0. 0. 0. 0. 0.]
 [0. 0. 0. 0. 0. 0. 0. 0.]
 [0. 0. 0. 0. 0. 0. 0. 0.]
 [0. 0. 0. 0. 0. 0. 0. 0.]
 [0. 0. 0. 0. 0. 0. 0. 0.]
 [0. 0. 0. 0. 0. 0. 0. 0.]
 [0. 0. 0. 0. 0. 0. 0. 0.]
 [0. 0. 0. 0. 0. 0. 0. 0.]] 



===== U2(1,1) & J2(1,1) =====

i=0, j=0, R=[1 0 0]

U2(1,1)=1.15083  
J2(1,1)=0.11703  

sublattice & layer component of U: 
 [[0.      0.      0.      0.      0.      0.      0.      0.     ]
 [0.      0.02342 0.      0.      0.      0.      0.1462  0.     ]
 [0.      0.      0.      0.      0.      0.      0.      0.     ]
 [0.      0.      0.      0.      0.      0.      0.      0.     ]
 [0.      0.      0.      0.      0.      0.      0.      0.     ]
 [0.      0.      0.      0.      0.      0.      0.      0.     ]
 [0.      0.14442 0.      0.      0.      0.      0.8368  0.     ]
 [0.      0.      0.      0.      0.      0.      0.      0.     ]] 

sublattice & layer component of J: 
 [[0.      0.      0.      0.      0.      0.      0.      0.     ]
 [0.      0.00182 0.      0.      0.      0.      0.00072 0.     ]
 [0.      0.      0.      0.      0.      0.      0.      0.     ]
 [0.      0.      0.      0.      0.      0.      0.      0.     ]
 [0.      0.      0.      0.      0.      0.      0.      0.     ]
 [0.      0.      0.      0.      0.      0.      0.      0.     ]
 [0.      0.00072 0.      0.      0.      0.      0.11378 0.     ]
 [0.      0.      0.      0.      0.      0.      0.      0.     ]] 



===== U2(1,2) & J2(1,2) =====

i=0, j=2, R=[1 0 0]

U2(1,2)=1.16730  
J2(1,2)=0.03594  

sublattice & layer component of U: 
 [[0.      0.      0.      0.      0.      0.      0.      0.     ]
 [0.      0.13859 0.      0.      0.      0.      0.03103 0.     ]
 [0.      0.      0.      0.      0.      0.      0.      0.     ]
 [0.      0.      0.      0.      0.      0.      0.      0.     ]
 [0.      0.      0.      0.      0.      0.      0.      0.     ]
 [0.      0.      0.      0.      0.      0.      0.      0.     ]
 [0.      0.80586 0.      0.      0.      0.      0.19182 0.     ]
 [0.      0.      0.      0.      0.      0.      0.      0.     ]] 

sublattice & layer component of J: 
 [[ 0.       0.       0.       0.       0.       0.       0.       0.     ]
 [ 0.       0.01661  0.       0.       0.       0.      -0.00566  0.     ]
 [ 0.       0.       0.       0.       0.       0.       0.       0.     ]
 [ 0.       0.       0.       0.       0.       0.       0.       0.     ]
 [ 0.       0.       0.       0.       0.       0.       0.       0.     ]
 [ 0.       0.       0.       0.       0.       0.       0.       0.     ]
 [ 0.      -0.00566  0.       0.       0.       0.       0.03066  0.     ]
 [ 0.       0.       0.       0.       0.       0.       0.       0.     ]] 



===== U3(1,1) & J3(1,1) =====

i=0, j=1, R=[ 1 -1  0]

U3(1,1)=1.05302  
J3(1,1)=0.00000  

sublattice & layer component of U: 
 [[0.      0.      0.      0.      0.      0.      0.      0.     ]
 [0.02527 0.      0.      0.      0.      0.      0.      0.13015]
 [0.      0.      0.      0.      0.      0.      0.      0.     ]
 [0.      0.      0.      0.      0.      0.      0.      0.     ]
 [0.      0.      0.      0.      0.      0.      0.      0.     ]
 [0.      0.      0.      0.      0.      0.      0.      0.     ]
 [0.15429 0.      0.      0.      0.      0.      0.      0.74331]
 [0.      0.      0.      0.      0.      0.      0.      0.     ]] 

sublattice & layer component of J: 
 [[0. 0. 0. 0. 0. 0. 0. 0.]
 [0. 0. 0. 0. 0. 0. 0. 0.]
 [0. 0. 0. 0. 0. 0. 0. 0.]
 [0. 0. 0. 0. 0. 0. 0. 0.]
 [0. 0. 0. 0. 0. 0. 0. 0.]
 [0. 0. 0. 0. 0. 0. 0. 0.]
 [0. 0. 0. 0. 0. 0. 0. 0.]
 [0. 0. 0. 0. 0. 0. 0. 0.]] 



===== U3(1,2) & J3(1,2) =====

i=0, j=3, R=[ 1 -1  0]

U3(1,2)=1.06497  
J3(1,2)=0.00000  

sublattice & layer component of U: 
 [[0.      0.      0.      0.      0.      0.      0.      0.     ]
 [0.11924 0.      0.      0.      0.      0.      0.      0.03507]
 [0.      0.      0.      0.      0.      0.      0.      0.     ]
 [0.      0.      0.      0.      0.      0.      0.      0.     ]
 [0.      0.      0.      0.      0.      0.      0.      0.     ]
 [0.      0.      0.      0.      0.      0.      0.      0.     ]
 [0.68575 0.      0.      0.      0.      0.      0.      0.22491]
 [0.      0.      0.      0.      0.      0.      0.      0.     ]] 

sublattice & layer component of J: 
 [[0. 0. 0. 0. 0. 0. 0. 0.]
 [0. 0. 0. 0. 0. 0. 0. 0.]
 [0. 0. 0. 0. 0. 0. 0. 0.]
 [0. 0. 0. 0. 0. 0. 0. 0.]
 [0. 0. 0. 0. 0. 0. 0. 0.]
 [0. 0. 0. 0. 0. 0. 0. 0.]
 [0. 0. 0. 0. 0. 0. 0. 0.]
 [0. 0. 0. 0. 0. 0. 0. 0.]] 



===== U4(1,1) & J4(1,1) =====

i=0, j=1, R=[1 0 0]

U4(1,1)=0.76077  
J4(1,1)=0.00000  

sublattice & layer component of U: 
 [[0.      0.      0.      0.      0.      0.      0.      0.     ]
 [0.02163 0.      0.      0.      0.      0.      0.      0.10378]
 [0.      0.      0.      0.      0.      0.      0.      0.     ]
 [0.      0.      0.      0.      0.      0.      0.      0.     ]
 [0.      0.      0.      0.      0.      0.      0.      0.     ]
 [0.      0.      0.      0.      0.      0.      0.      0.     ]
 [0.11358 0.      0.      0.      0.      0.      0.      0.52178]
 [0.      0.      0.      0.      0.      0.      0.      0.     ]] 

sublattice & layer component of J: 
 [[0. 0. 0. 0. 0. 0. 0. 0.]
 [0. 0. 0. 0. 0. 0. 0. 0.]
 [0. 0. 0. 0. 0. 0. 0. 0.]
 [0. 0. 0. 0. 0. 0. 0. 0.]
 [0. 0. 0. 0. 0. 0. 0. 0.]
 [0. 0. 0. 0. 0. 0. 0. 0.]
 [0. 0. 0. 0. 0. 0. 0. 0.]
 [0. 0. 0. 0. 0. 0. 0. 0.]] 



===== U4(1,2) & J4(1,2) =====

i=0, j=3, R=[1 0 0]

U4(1,2)=0.76042  
J4(1,2)=0.00000  

sublattice & layer component of U: 
 [[0.      0.      0.      0.      0.      0.      0.      0.     ]
 [0.09561 0.      0.      0.      0.      0.      0.      0.02987]
 [0.      0.      0.      0.      0.      0.      0.      0.     ]
 [0.      0.      0.      0.      0.      0.      0.      0.     ]
 [0.      0.      0.      0.      0.      0.      0.      0.     ]
 [0.      0.      0.      0.      0.      0.      0.      0.     ]
 [0.47591 0.      0.      0.      0.      0.      0.      0.15903]
 [0.      0.      0.      0.      0.      0.      0.      0.     ]] 

sublattice & layer component of J: 
 [[0. 0. 0. 0. 0. 0. 0. 0.]
 [0. 0. 0. 0. 0. 0. 0. 0.]
 [0. 0. 0. 0. 0. 0. 0. 0.]
 [0. 0. 0. 0. 0. 0. 0. 0.]
 [0. 0. 0. 0. 0. 0. 0. 0.]
 [0. 0. 0. 0. 0. 0. 0. 0.]
 [0. 0. 0. 0. 0. 0. 0. 0.]
 [0. 0. 0. 0. 0. 0. 0. 0.]] 



===== U5(1,1) & J5(1,1) =====

i=0, j=0, R=[1 1 0]

U5(1,1)=0.65259  
J5(1,1)=0.01662  

sublattice & layer component of U: 
 [[0.      0.      0.      0.      0.      0.      0.      0.     ]
 [0.      0.01656 0.      0.      0.      0.      0.09193 0.     ]
 [0.      0.      0.      0.      0.      0.      0.      0.     ]
 [0.      0.      0.      0.      0.      0.      0.      0.     ]
 [0.      0.      0.      0.      0.      0.      0.      0.     ]
 [0.      0.      0.      0.      0.      0.      0.      0.     ]
 [0.      0.0857  0.      0.      0.      0.      0.45839 0.     ]
 [0.      0.      0.      0.      0.      0.      0.      0.     ]] 

sublattice & layer component of J: 
 [[0.      0.      0.      0.      0.      0.      0.      0.     ]
 [0.      0.00095 0.      0.      0.      0.      0.00051 0.     ]
 [0.      0.      0.      0.      0.      0.      0.      0.     ]
 [0.      0.      0.      0.      0.      0.      0.      0.     ]
 [0.      0.      0.      0.      0.      0.      0.      0.     ]
 [0.      0.      0.      0.      0.      0.      0.      0.     ]
 [0.      0.00051 0.      0.      0.      0.      0.01466 0.     ]
 [0.      0.      0.      0.      0.      0.      0.      0.     ]] 



===== U5(1,2) & J5(1,2) =====

i=0, j=2, R=[1 1 0]

U5(1,2)=0.64295  
J5(1,2)=0.00601  

sublattice & layer component of U: 
 [[0.      0.      0.      0.      0.      0.      0.      0.     ]
 [0.      0.08678 0.      0.      0.      0.      0.02117 0.     ]
 [0.      0.      0.      0.      0.      0.      0.      0.     ]
 [0.      0.      0.      0.      0.      0.      0.      0.     ]
 [0.      0.      0.      0.      0.      0.      0.      0.     ]
 [0.      0.      0.      0.      0.      0.      0.      0.     ]
 [0.      0.42867 0.      0.      0.      0.      0.10632 0.     ]
 [0.      0.      0.      0.      0.      0.      0.      0.     ]] 

sublattice & layer component of J: 
 [[ 0.       0.       0.       0.       0.       0.       0.       0.     ]
 [ 0.       0.00311  0.       0.       0.       0.      -0.00024  0.     ]
 [ 0.       0.       0.       0.       0.       0.       0.       0.     ]
 [ 0.       0.       0.       0.       0.       0.       0.       0.     ]
 [ 0.       0.       0.       0.       0.       0.       0.       0.     ]
 [ 0.       0.       0.       0.       0.       0.       0.       0.     ]
 [ 0.      -0.00024  0.       0.       0.       0.       0.00337  0.     ]
 [ 0.       0.       0.       0.       0.       0.       0.       0.     ]] 



=======================
  Summary
=======================
         U       J     
U0(1,1)  1.9911  0.0000  
U0(1,2)  2.0105  0.0161  
U1(1,1)  1.6361  0.0000  
U1(1,2)  1.5994  0.0000  
U2(1,1)  1.1508  0.1170  
U2(1,2)  1.1673  0.0359  
U3(1,1)  1.0530  0.0000  
U3(1,2)  1.0650  0.0000  
U4(1,1)  0.7608  0.0000  
U4(1,2)  0.7604  0.0000  
U5(1,1)  0.6526  0.0166  
U5(1,2)  0.6429  0.0060  
=======================
